"Strain1"	"Strain2"	"Strain3"	"Strain4"	"Strain5"	"Strain6"	"Strain7"	"Strain8"	"Strain9"	"Strain10"	"Strain11"	"Strain12"	"Strain13"	"Strain14"	"Strain15"	"Strain16"	"Strain17"	"Strain18"	"Strain19"	"Strain20"	"Strain21"	"Strain22"	"Strain23"	"Strain24"	"Strain25"	"Strain26"	"Strain27"	"Strain28"	"Strain29"	"Strain30"	"Strain31"	"Strain32"	"Strain33"	"Strain34"	"Strain35"	"Strain36"	"Strain37"	"Strain38"	"Strain39"	"Strain40"	"Strain41"	"Strain42"	"Strain43"	"Strain44"	"Strain45"	"Strain46"	"Strain47"	"Strain48"	"Strain49"	"Strain50"	"Strain51"	"Strain52"	"Strain53"	"Strain54"	"Strain55"	"Strain56"	"Strain57"	"Strain58"	"Strain59"	"Strain60"	"Strain61"	"Strain62"	"Strain63"	"Strain64"	"Strain65"	"Strain66"	"Strain67"	"Strain68"	"Strain69"	"Strain70"	"Strain71"	"Strain72"	"Strain73"	"Strain74"	"Strain75"	"Strain76"	"Strain77"	"Strain78"	"Strain79"	"Strain80"	"Strain81"	"Strain82"	"Strain83"	"Strain84"	"Strain85"	"Strain86"	"Strain87"	"Strain88"	"Strain89"	"Strain90"	"Strain91"	"Strain92"	"Strain93"	"Strain94"	"Strain95"	"Strain96"	"Strain97"	"Strain98"	"Strain99"	"Strain100"
"C1M1"	1	0	0	0	1	1	1	1	1	0	0	1	1	0	0	1	0	0	1	1	0	1	1	0	1	1	0	1	1	1	1	0	0	0	0	1	1	1	0	1	0	0	1	1	1	0	1	0	0	0	1	1	0	1	1	1	0	0	0	1	0	0	0	0	1	1	1	0	0	0	0	0	1	0	1	1	1	1	1	0	0	1	0	0	0	0	0	1	0	0	0	0	1	0	1	1	0	0	1	1
"C1M2"	1	0	0	0	1	1	0	1	1	0	0	1	1	0	0	1	0	0	1	1	0	1	1	0	1	1	0	1	1	1	1	0	0	0	0	1	1	1	0	1	0	0	1	1	1	0	1	0	0	0	1	1	0	1	1	1	0	0	0	1	0	0	0	0	1	1	1	0	0	0	0	0	0	0	0	1	1	1	1	0	0	1	0	0	0	0	0	1	0	0	0	0	1	0	1	1	0	0	1	1
"C1M3"	1	0	0	0	1	1	0	1	1	0	0	1	1	0	0	1	0	0	1	1	0	1	1	0	1	1	0	1	1	1	1	0	0	0	0	0	1	1	0	1	0	0	1	1	1	0	1	0	0	0	1	1	0	1	1	1	0	0	0	1	0	0	0	0	1	1	1	0	0	0	0	0	0	0	0	1	1	1	1	0	0	1	0	0	0	0	0	1	0	0	0	0	1	0	1	1	0	0	1	1
"C1M4"	1	0	0	0	1	1	0	1	1	0	0	1	1	0	0	1	0	0	1	1	0	1	1	0	1	1	0	1	1	1	1	0	0	0	0	0	1	1	0	1	0	0	1	1	1	0	1	0	0	0	1	1	0	1	1	1	0	0	0	1	0	0	0	0	1	1	1	0	0	0	0	0	0	0	0	1	1	1	1	0	0	1	0	0	0	0	0	1	0	0	0	0	1	0	1	1	0	0	1	1
"C1M5"	1	0	0	1	1	1	0	1	1	0	0	0	1	0	0	0	0	0	1	1	0	1	1	0	1	1	0	1	1	1	1	0	0	0	0	0	1	1	0	1	0	0	1	1	1	0	1	0	0	1	1	1	0	1	1	1	0	0	0	1	0	0	0	0	1	1	1	0	1	0	0	0	0	0	1	0	1	0	1	0	0	1	0	0	0	0	0	1	0	0	0	0	1	0	1	1	0	0	1	1
"C1M6"	1	0	0	1	1	1	0	1	1	0	0	0	1	0	0	0	0	0	1	1	0	1	1	0	1	1	0	1	1	1	1	0	0	0	0	0	1	1	0	1	0	0	1	1	1	0	1	0	0	1	1	1	1	1	1	1	0	0	0	1	0	0	0	0	1	1	1	0	1	0	0	0	0	0	1	0	1	0	1	0	0	1	0	0	0	0	0	1	0	0	0	0	1	0	1	1	0	0	1	1
"C1M7"	1	0	0	1	1	1	0	1	1	0	0	0	1	0	0	0	0	0	1	1	0	1	1	0	1	1	0	1	1	1	1	0	0	0	0	0	1	1	0	1	0	0	1	1	1	0	1	1	0	1	1	1	1	1	1	1	0	0	0	1	0	0	0	0	1	1	1	0	1	0	0	0	0	0	1	0	1	0	1	0	0	1	0	0	0	0	0	1	0	0	0	0	1	1	1	1	0	0	1	1
"C1M8"	1	0	0	1	1	1	0	1	1	0	0	0	1	0	0	0	0	1	1	1	0	1	1	0	1	1	0	1	1	1	1	0	0	0	0	0	1	1	0	1	0	0	1	1	1	0	1	1	0	1	1	1	1	1	1	1	0	0	0	1	0	0	0	0	0	1	1	0	1	0	0	0	0	0	1	0	1	0	1	0	0	1	0	0	0	0	1	1	0	0	1	0	1	1	1	1	0	0	1	1
"C1M9"	1	1	0	1	1	1	0	1	1	0	0	0	1	0	0	0	0	1	1	1	0	1	1	0	1	1	0	1	1	1	1	0	0	0	0	0	1	1	0	1	0	0	1	1	1	0	1	1	0	1	1	1	1	1	1	1	0	0	0	1	0	0	0	0	0	1	1	1	1	0	0	0	0	0	1	0	1	0	1	0	0	1	0	0	0	0	1	1	0	0	1	0	1	1	1	1	0	0	1	1
"C1M10"	1	1	0	1	1	1	0	1	1	0	0	0	1	0	0	0	0	1	1	1	0	1	1	0	1	1	0	1	1	1	0	0	1	0	0	0	1	1	0	1	0	0	1	1	1	0	1	1	0	1	0	1	1	1	1	1	0	0	0	1	0	0	0	0	0	1	1	1	1	0	0	0	0	0	1	0	1	0	1	0	0	1	0	0	0	0	1	1	0	1	1	0	1	1	1	1	0	0	1	1
"C1M11"	1	1	0	1	1	0	0	1	1	0	0	0	1	0	0	0	0	1	0	1	0	1	1	0	1	1	0	1	1	1	0	0	1	0	0	0	1	1	0	1	0	0	1	1	1	0	1	1	0	1	0	1	1	1	1	1	0	0	0	1	0	0	0	0	0	1	1	1	1	0	0	0	0	0	1	0	1	0	1	0	0	1	0	0	0	0	1	1	0	1	1	0	1	1	1	1	0	0	1	1
"C1M12"	1	1	0	1	1	0	0	1	1	0	0	0	1	0	0	0	0	1	0	1	0	1	1	0	1	1	0	1	1	1	0	0	1	0	0	0	1	1	0	1	0	0	1	1	1	0	1	1	0	1	0	1	1	1	1	1	0	0	0	1	0	0	0	0	0	1	1	1	1	0	0	0	0	0	1	0	1	1	1	0	0	1	0	0	0	0	1	1	0	1	1	0	1	1	1	1	0	0	1	1
"C1M13"	1	1	0	1	1	0	0	1	1	0	0	0	1	0	0	0	0	1	0	1	0	1	1	0	1	1	0	1	1	1	0	0	1	0	0	1	1	1	0	1	0	0	1	1	1	0	1	1	0	1	0	1	1	1	1	1	0	0	0	1	0	0	0	0	0	1	1	1	1	0	0	0	0	0	1	0	1	1	1	0	0	1	0	0	0	0	1	1	0	1	1	0	1	1	1	1	0	0	1	1
"C1M14"	1	1	0	1	1	0	0	1	1	0	0	0	1	0	0	0	0	1	1	1	0	1	1	0	1	1	0	1	1	1	0	0	1	0	0	1	1	1	0	1	0	0	1	1	1	0	1	1	0	1	0	1	1	1	1	1	0	0	0	1	0	0	0	0	0	1	1	1	1	0	0	0	0	0	1	0	1	1	1	0	0	1	0	0	0	0	1	0	0	1	1	0	1	1	1	1	0	0	1	1
"C1M15"	1	1	0	1	1	0	0	1	1	0	0	0	1	0	0	0	0	1	1	1	0	1	1	0	1	1	0	1	1	1	0	0	1	0	0	1	1	1	0	1	0	0	1	1	1	0	1	1	0	1	0	1	1	1	1	1	0	0	0	1	0	0	0	0	0	1	1	1	1	0	0	0	0	0	1	0	1	1	1	0	0	1	0	0	1	0	1	0	0	1	1	0	1	1	0	1	0	0	1	1
"C1M16"	1	1	0	1	1	0	0	1	1	0	0	0	1	0	0	0	0	1	1	1	0	1	1	0	1	1	0	1	1	1	0	0	1	0	0	1	1	1	0	1	0	0	1	1	1	0	1	1	0	1	0	1	1	1	1	1	0	0	0	1	0	0	0	0	0	1	1	1	1	0	0	0	0	0	1	0	1	1	1	0	0	1	0	0	1	0	1	0	0	0	1	0	1	1	0	1	0	0	1	1
"C1M17"	1	1	0	1	1	0	0	1	1	0	0	0	1	0	0	0	0	1	1	1	0	1	1	0	1	1	0	1	1	1	0	0	0	0	0	1	1	1	0	1	0	0	1	1	1	0	1	1	0	1	0	1	1	1	1	1	0	0	0	1	0	0	0	0	0	1	1	1	1	0	0	0	0	0	1	0	1	1	1	0	0	1	0	0	1	0	1	0	0	0	1	0	1	1	0	1	0	0	1	1
"C1M18"	1	1	0	1	1	0	0	1	1	0	0	0	1	0	0	0	0	1	1	1	0	1	1	0	1	1	0	1	1	1	0	0	0	0	0	1	1	1	0	1	0	0	1	1	1	0	1	1	0	1	0	1	1	1	1	1	0	0	0	1	0	0	0	0	0	1	1	1	1	0	0	0	0	0	1	0	1	1	1	0	0	1	0	0	1	0	1	0	0	0	1	0	1	1	0	1	0	0	1	1
"C1M19"	1	1	0	1	1	0	0	1	1	0	0	0	1	0	0	1	0	1	1	1	0	1	1	0	1	1	0	1	1	1	0	0	0	0	0	1	1	1	0	1	0	0	1	1	1	0	1	1	0	1	0	1	1	1	1	1	0	0	0	1	0	0	0	0	0	1	1	1	1	0	0	0	0	0	1	0	1	1	1	0	0	1	0	0	1	0	1	0	0	0	1	0	1	1	0	1	0	0	1	1
"C1M20"	1	1	0	1	1	0	0	1	1	0	0	0	1	0	0	1	0	1	1	1	0	1	1	0	1	1	0	1	1	1	0	0	0	0	0	1	1	1	0	1	0	0	1	1	1	0	1	1	0	1	0	1	1	1	1	1	0	0	0	1	0	0	0	0	0	1	1	1	1	0	0	0	0	0	1	0	1	1	1	0	0	1	0	0	1	0	1	0	0	0	1	0	1	1	0	1	0	0	1	1
"C2M1"	1	1	1	1	0	0	1	0	0	0	1	0	0	0	0	0	0	1	1	0	0	0	0	1	1	1	0	1	0	0	1	0	0	0	0	1	0	0	1	1	0	0	1	0	1	1	1	1	1	0	0	0	1	1	0	1	1	1	0	0	0	1	0	0	0	1	1	0	1	0	0	0	1	1	0	0	0	0	1	1	1	1	0	0	1	1	0	1	1	1	1	0	0	0	0	0	0	0	0	1
"C2M2"	1	1	1	1	0	0	1	0	0	0	1	0	0	0	0	0	0	1	1	0	0	0	0	1	1	1	0	1	0	0	1	0	0	0	0	1	0	1	1	1	0	0	1	0	1	1	1	1	1	0	0	1	1	1	0	1	1	1	0	0	0	1	0	0	0	1	1	1	1	0	0	0	1	1	0	0	0	0	1	0	1	1	0	0	1	1	0	1	1	1	1	0	0	0	0	0	0	0	0	1
"C2M3"	1	1	1	1	0	0	1	0	0	0	1	0	0	0	0	0	0	1	1	0	0	0	0	1	1	1	0	1	0	0	1	0	0	0	0	1	0	1	1	1	0	0	1	0	1	1	1	1	1	0	0	1	1	1	0	1	1	1	0	0	0	1	0	0	0	1	1	1	1	0	0	0	1	1	0	0	0	0	1	0	1	1	0	0	1	1	0	0	1	1	1	0	0	0	0	0	0	0	0	1
"C2M4"	1	1	1	1	0	0	1	0	0	0	1	0	0	0	0	0	0	1	1	0	0	0	0	1	1	1	0	1	0	0	1	0	0	0	0	1	0	1	1	1	0	0	1	0	1	1	1	1	1	0	0	1	1	1	0	1	1	1	0	0	0	1	0	0	0	1	1	1	1	0	0	0	1	1	0	0	0	0	1	0	1	1	0	0	1	1	0	0	1	1	1	0	0	0	0	0	0	0	0	1
"C2M5"	1	1	1	1	0	0	1	0	0	0	1	0	0	0	0	0	0	1	1	0	0	0	0	1	1	1	0	1	0	0	1	0	0	0	0	1	0	1	1	1	0	0	1	0	1	1	1	1	1	0	0	1	1	1	0	1	1	1	0	0	0	1	0	0	0	1	1	1	1	0	0	0	1	1	0	0	0	0	1	0	1	1	0	0	1	1	0	0	1	1	1	0	0	0	0	0	0	0	0	1
"C2M6"	1	1	1	1	0	0	1	0	0	0	1	0	0	0	0	0	0	1	1	0	0	0	0	1	1	1	0	1	0	0	1	0	0	0	0	1	0	1	1	1	0	0	1	0	1	0	1	1	1	0	0	1	1	1	0	1	1	1	0	0	0	1	0	0	0	1	1	1	1	0	0	0	1	1	0	0	0	0	1	0	1	1	0	0	1	1	0	0	1	1	1	0	0	0	0	0	0	0	0	1
"C2M7"	1	1	1	1	0	0	1	0	0	0	1	0	0	0	0	0	0	1	1	0	0	0	0	1	1	1	0	1	0	0	1	0	0	0	0	1	0	1	1	1	0	0	1	0	1	0	1	1	1	0	0	1	1	1	1	1	1	1	0	0	0	1	0	0	0	1	0	1	1	0	0	0	1	1	0	0	1	0	1	0	1	1	0	0	1	1	0	0	1	1	1	0	0	0	0	0	0	0	0	1
"C2M8"	1	1	1	1	0	0	1	0	0	0	1	0	0	0	0	0	0	1	1	1	0	0	0	1	1	1	0	1	0	0	1	0	0	0	0	1	0	1	1	1	0	0	1	0	1	0	1	1	1	0	0	1	1	1	1	1	1	1	0	0	0	1	0	0	0	1	1	1	1	0	0	0	1	1	0	0	1	0	1	0	1	1	0	0	1	1	0	0	1	1	1	0	0	0	0	0	0	0	0	1
"C2M9"	1	1	1	1	0	0	1	0	0	0	0	0	0	1	0	0	0	1	1	1	0	0	0	1	1	0	0	1	0	0	1	0	0	0	0	1	0	1	1	1	0	0	1	0	1	0	1	1	1	0	0	1	1	1	1	1	1	1	0	0	0	1	0	0	0	1	1	1	1	0	0	0	1	1	0	0	1	0	1	0	1	1	0	0	1	1	0	0	1	1	1	0	0	0	0	0	0	0	0	1
"C2M10"	1	1	1	1	0	0	1	0	0	0	0	0	0	1	0	0	0	1	1	1	0	0	0	1	1	0	0	1	0	0	1	0	0	0	0	1	0	1	1	1	0	0	1	0	1	0	1	1	1	0	0	1	1	1	1	1	1	1	0	0	0	1	0	0	0	1	1	1	1	0	0	0	1	1	0	0	1	0	1	0	1	1	0	0	1	1	0	0	1	1	1	0	0	0	0	0	0	0	0	1
"C2M11"	1	1	1	1	0	0	1	0	0	0	0	0	0	1	0	0	0	1	1	1	0	0	0	1	1	0	0	1	0	0	1	0	0	0	0	1	0	1	1	1	0	0	1	0	0	0	1	1	1	0	0	1	1	1	1	1	1	1	0	0	0	1	0	0	0	1	1	1	1	0	1	0	1	1	0	0	1	0	1	0	1	1	0	0	1	1	0	0	1	1	1	0	0	0	0	0	0	0	0	1
"C2M12"	1	1	1	1	0	0	1	0	0	0	0	0	0	1	0	0	0	1	1	1	0	0	0	1	1	0	0	1	0	0	1	0	0	0	0	1	0	1	1	1	0	0	1	0	0	0	1	1	1	0	0	1	1	1	1	1	1	1	0	1	0	1	0	0	0	1	1	1	1	0	1	0	1	1	0	0	1	0	1	0	1	1	0	0	1	1	0	0	1	1	1	0	0	0	0	0	0	0	0	1
"C2M13"	1	1	1	1	0	0	1	0	0	0	0	0	0	1	0	0	0	1	1	1	0	0	0	1	1	1	0	1	0	0	1	0	0	0	0	1	0	1	1	1	0	0	1	0	0	0	1	1	1	0	0	1	1	1	1	1	1	1	0	1	0	1	0	0	0	1	0	1	1	0	1	0	1	1	0	0	1	0	1	0	1	1	0	0	1	1	0	0	0	1	1	0	0	0	0	0	0	0	0	1
"C2M14"	1	1	1	1	0	0	1	0	0	0	0	0	0	1	0	0	0	1	1	1	0	0	0	1	0	1	0	1	0	0	1	0	0	0	0	1	0	1	1	1	0	0	1	0	0	0	1	1	1	0	0	1	1	1	1	1	1	1	0	1	0	1	0	0	0	1	0	1	1	0	1	0	1	1	0	0	1	0	1	0	1	1	0	0	1	1	0	0	0	1	1	0	0	0	0	0	0	0	0	1
"C2M15"	1	1	1	1	0	0	1	0	0	0	0	0	0	1	0	0	0	1	1	1	0	0	0	1	0	1	0	1	0	0	1	0	0	0	0	1	0	1	1	1	0	0	1	0	0	0	1	1	1	0	0	1	1	1	1	1	1	1	0	1	1	1	0	0	0	1	0	1	1	0	1	0	1	1	0	0	1	0	1	1	1	1	0	0	1	1	0	0	0	1	1	0	0	0	0	0	0	0	0	1
"C2M16"	1	1	1	1	0	0	1	0	0	0	0	0	0	1	0	0	0	0	1	1	0	0	0	1	0	1	0	1	0	0	1	0	0	0	0	1	0	1	1	1	0	0	1	0	0	0	1	1	1	0	0	1	1	1	1	1	1	1	0	1	1	1	0	0	0	1	0	1	1	0	1	0	1	1	0	0	1	0	1	1	1	1	0	0	1	1	0	0	0	1	1	0	0	0	0	0	0	0	0	1
"C2M17"	1	1	1	1	0	0	1	0	0	0	0	0	0	1	0	0	0	0	1	1	0	0	0	1	0	1	0	1	1	0	1	0	0	0	0	1	0	1	1	1	0	0	1	0	0	0	1	1	1	0	0	1	1	1	1	1	1	1	0	1	1	1	0	0	0	1	0	1	1	0	1	0	1	1	0	0	1	0	1	1	1	1	0	0	1	1	0	0	0	1	1	0	0	0	0	0	0	0	0	1
"C2M18"	1	1	1	1	0	0	1	0	0	0	0	0	0	1	0	0	0	0	1	1	0	0	0	1	0	1	0	1	1	0	1	0	0	0	0	1	0	1	1	1	0	0	1	0	0	0	1	1	1	0	0	1	1	1	1	1	1	1	0	1	1	1	0	0	0	1	1	1	1	0	1	0	1	1	0	0	1	0	1	1	1	1	0	0	1	1	0	0	0	1	1	0	0	0	0	0	0	0	0	1
"C2M19"	1	1	1	1	0	0	1	0	0	0	0	0	0	1	0	0	0	0	1	1	0	0	0	1	0	1	0	1	1	1	1	0	0	0	0	1	0	1	1	1	0	0	1	0	0	0	1	1	1	0	0	1	1	1	1	1	1	1	0	1	1	1	0	0	0	1	1	1	1	0	1	0	1	1	0	0	1	0	1	1	1	1	0	0	1	1	0	0	0	1	1	0	0	0	0	0	0	0	0	1
"C2M20"	1	1	1	1	0	0	1	0	0	0	0	0	0	1	0	0	0	0	1	1	0	0	0	1	0	1	0	1	1	1	1	0	0	0	0	1	0	1	1	1	0	0	1	0	0	0	1	1	1	0	0	1	1	1	1	1	1	1	0	1	1	1	0	0	0	1	1	1	1	0	1	0	1	1	0	0	1	0	1	1	1	1	0	0	1	1	0	0	0	1	1	0	0	0	0	0	0	0	0	1
"C3M1"	0	0	0	0	1	0	1	1	0	0	1	0	1	1	1	0	0	1	1	0	0	1	1	0	1	1	1	1	1	0	0	1	1	1	1	1	0	1	0	0	1	0	0	0	0	1	1	1	1	0	0	0	1	1	0	1	1	1	1	1	1	1	0	1	0	0	1	0	1	0	1	1	1	1	1	0	1	0	1	0	0	1	1	1	0	1	0	1	1	0	1	0	0	1	0	1	1	1	1	0
"C3M2"	0	0	1	0	1	0	1	1	0	0	1	0	1	1	1	0	0	1	1	0	0	1	1	0	1	1	1	1	1	0	0	1	1	1	1	1	1	1	0	0	1	0	0	0	1	1	1	1	1	0	0	0	1	1	0	1	1	1	1	0	1	1	0	1	0	0	1	0	1	0	1	1	1	1	1	0	1	0	1	0	0	1	1	1	0	1	0	1	1	0	1	0	0	1	0	1	1	1	1	0
"C3M3"	0	0	1	0	1	0	1	1	0	0	1	0	1	1	1	0	0	1	1	0	0	1	1	0	1	1	1	1	1	0	0	1	1	1	1	1	1	1	0	0	1	0	0	0	1	1	1	1	1	0	0	0	1	1	0	1	1	1	1	0	1	1	0	1	0	0	1	0	1	0	1	1	1	1	1	0	1	0	1	0	0	1	1	1	0	1	0	1	1	0	1	0	0	1	0	1	1	1	1	0
"C3M4"	0	0	1	0	1	0	1	1	0	0	1	0	1	1	1	0	0	1	1	0	0	1	1	0	1	1	1	1	1	0	0	1	1	1	1	1	1	0	0	0	1	0	0	0	1	1	1	1	1	0	0	0	1	1	0	1	1	1	1	0	1	1	0	1	0	0	1	0	1	0	1	1	1	1	1	0	1	0	1	0	0	1	1	1	0	1	0	1	0	0	1	0	0	1	0	1	1	1	1	0
"C3M5"	0	0	1	0	1	0	1	1	0	0	1	0	1	1	1	0	0	1	1	0	0	1	1	0	1	1	1	1	1	1	0	1	1	1	1	1	1	0	0	0	1	0	0	0	1	1	1	1	1	0	0	0	1	1	0	1	1	1	1	0	1	1	0	1	0	0	1	0	1	0	1	1	0	1	1	0	1	0	1	0	0	1	1	1	0	1	0	1	0	0	1	0	0	1	0	1	1	1	1	0
"C3M6"	0	0	1	0	1	0	1	1	0	0	1	0	1	1	1	0	0	1	1	0	0	1	1	0	1	1	1	1	1	1	0	1	1	1	1	1	1	0	0	0	1	0	0	0	1	1	1	1	1	0	0	0	1	1	0	1	1	1	1	0	1	1	0	1	0	0	1	0	1	0	1	1	0	1	1	0	1	0	1	0	0	1	1	1	0	1	0	1	0	0	1	0	0	1	0	1	1	1	1	0
"C3M7"	0	0	1	0	1	0	1	1	0	0	1	0	0	1	1	0	0	1	1	0	0	1	1	0	1	1	1	1	1	1	1	1	1	1	1	1	1	0	0	0	1	0	0	0	1	1	1	1	1	0	0	0	1	1	0	1	1	0	1	0	1	1	0	1	0	0	1	0	1	0	1	1	0	1	1	0	1	0	1	0	0	1	1	1	0	1	0	1	0	0	1	0	0	1	0	1	1	1	1	0
"C3M8"	0	0	1	0	1	0	1	1	0	0	1	0	0	1	1	0	0	1	1	0	0	1	1	0	1	1	1	1	1	1	1	1	1	1	1	1	1	0	0	0	1	0	0	0	1	1	1	1	1	0	0	0	1	1	0	1	1	0	1	0	1	1	0	1	0	0	1	0	1	0	1	1	0	1	1	0	1	0	1	0	0	1	1	1	0	1	0	0	0	0	1	0	0	0	0	1	1	1	1	0
"C3M9"	0	0	1	0	1	0	1	1	0	0	1	0	0	1	1	0	0	1	1	0	0	1	1	0	0	1	1	1	1	1	1	1	1	1	1	1	1	0	0	0	1	0	0	0	1	1	1	1	1	0	0	0	1	1	0	1	1	0	1	0	0	1	0	1	0	0	1	0	1	0	1	1	0	1	1	0	1	0	1	0	0	1	1	1	0	1	0	0	0	0	1	0	0	0	0	1	1	1	1	0
"C3M10"	0	0	1	0	1	0	1	1	0	0	1	0	0	1	1	0	0	1	1	0	0	1	1	0	0	1	1	1	1	1	1	1	1	1	1	1	1	0	0	0	1	0	0	0	1	1	1	1	1	0	0	0	1	1	0	1	1	0	0	0	0	1	0	1	0	0	1	0	1	0	1	1	0	1	1	0	1	0	1	0	0	1	1	1	0	1	0	1	0	0	1	0	0	0	0	1	1	1	1	0
"C3M11"	0	0	1	0	1	0	1	1	0	0	1	0	0	1	0	0	0	1	1	0	0	1	1	0	0	1	1	1	1	1	1	1	1	1	1	1	1	0	0	0	1	0	0	0	1	1	1	1	1	0	0	0	1	1	0	1	1	0	0	0	0	1	0	1	0	0	1	0	1	0	1	1	0	1	1	0	1	0	1	1	0	1	1	1	0	1	0	1	0	0	1	0	0	0	0	1	1	1	1	0
"C3M12"	0	0	1	0	1	0	1	1	0	0	1	0	0	1	0	0	0	1	1	0	0	1	1	0	0	1	1	1	1	1	1	1	1	1	1	1	1	0	0	0	1	0	0	0	1	1	1	1	1	0	0	0	1	1	0	1	1	0	0	0	0	1	0	1	0	0	1	0	1	0	1	1	0	1	1	0	1	0	1	1	0	1	1	1	0	1	0	1	0	0	1	0	0	0	0	1	1	1	1	0
"C3M13"	0	0	1	0	1	0	1	1	0	0	1	0	0	1	0	0	0	1	1	0	0	0	1	0	0	1	1	1	1	1	1	1	1	1	1	1	1	0	0	0	1	0	0	0	1	1	1	1	1	0	0	0	1	1	0	1	1	0	0	0	0	1	0	1	0	0	1	0	1	1	0	1	0	1	1	0	1	0	1	1	0	1	1	1	0	1	0	1	0	0	1	0	0	0	0	1	1	1	1	0
"C3M14"	0	0	1	0	1	0	1	1	0	0	1	0	0	1	0	0	0	1	0	0	0	0	1	0	0	1	1	1	1	1	1	1	1	1	1	1	1	0	0	0	1	0	0	0	1	1	1	1	1	0	0	0	1	1	0	1	1	0	0	0	0	1	0	0	0	0	1	0	1	1	0	1	0	1	1	0	1	0	1	1	0	1	1	1	0	1	0	1	0	0	1	0	0	0	0	1	1	1	1	0
"C3M15"	0	0	1	0	1	0	1	1	0	0	1	0	0	1	0	0	0	1	0	0	0	0	1	0	0	1	1	1	1	1	1	1	1	1	1	1	1	0	0	0	1	0	0	0	1	1	1	1	1	0	0	0	1	1	0	1	1	0	0	0	0	1	0	0	0	0	1	0	1	1	0	1	1	1	1	0	1	1	1	1	0	1	0	1	0	1	0	1	0	0	1	0	0	0	0	1	1	1	1	0
"C3M16"	0	0	1	1	1	0	1	1	0	0	1	0	0	1	0	0	0	1	0	0	0	0	0	0	0	1	1	1	1	1	1	1	1	1	1	1	1	0	0	0	1	0	0	0	1	1	1	1	1	0	0	0	1	1	0	1	1	0	0	0	0	1	0	0	0	0	1	0	1	1	0	1	1	1	1	0	1	1	1	1	0	1	0	1	0	1	0	1	0	0	1	0	0	0	0	1	1	1	1	0
"C3M17"	0	0	1	1	1	0	1	1	0	0	1	0	0	1	0	0	0	1	0	0	0	0	0	0	0	1	1	1	1	1	1	1	1	1	1	1	1	0	0	0	1	0	0	0	1	1	1	1	1	0	0	0	1	1	0	1	1	0	0	0	0	1	0	0	0	0	1	0	1	1	0	1	1	1	1	0	1	1	1	1	0	1	0	1	0	1	0	1	0	0	1	0	0	0	0	1	1	1	1	0
"C3M18"	0	0	1	1	1	0	1	1	0	0	1	1	0	1	0	0	0	1	0	0	0	0	0	0	0	1	1	1	1	1	1	1	1	1	1	1	1	0	0	0	1	0	1	0	1	1	1	1	1	0	0	0	1	1	0	1	1	0	0	0	0	1	0	0	0	0	1	0	1	1	0	1	1	1	1	0	1	1	1	1	0	1	0	1	0	1	0	1	0	0	1	0	0	0	0	1	1	1	1	0
"C3M19"	0	0	1	1	1	0	1	1	0	0	1	1	0	1	0	0	0	1	0	0	0	0	1	0	0	1	1	1	1	1	1	0	1	1	1	1	1	0	0	0	1	0	1	0	1	1	1	1	1	0	0	0	1	1	0	1	1	0	1	0	0	1	0	0	0	0	1	0	1	1	0	1	1	1	1	0	1	1	1	1	0	1	0	1	0	1	0	1	1	0	1	0	0	0	0	1	1	1	1	0
"C3M20"	0	0	1	1	1	0	1	1	0	0	1	1	0	1	0	0	0	1	0	0	0	0	1	0	0	1	1	1	1	1	1	0	1	1	1	1	1	0	0	0	1	0	1	0	1	1	1	1	1	0	0	0	1	1	0	1	1	0	1	0	0	1	0	0	0	0	1	0	1	1	0	0	1	1	1	0	1	1	1	1	1	1	0	1	0	1	0	1	1	0	1	0	0	0	0	1	1	1	1	0
"C4M1"	0	0	0	1	0	1	1	1	0	0	0	0	0	0	1	1	1	1	1	0	1	1	0	0	1	1	0	1	0	1	0	0	1	1	1	1	0	0	1	1	1	0	1	1	0	1	1	0	0	1	1	0	1	1	1	1	0	1	0	0	0	1	1	0	0	1	0	0	0	0	1	0	1	0	1	0	0	1	0	1	0	1	1	1	0	0	0	1	0	0	0	0	1	0	0	1	0	0	1	0
"C4M2"	0	0	0	1	0	1	1	1	0	0	0	0	0	0	1	1	1	1	1	0	1	1	0	0	1	1	0	1	0	1	0	0	1	1	1	1	0	1	1	1	1	0	1	1	0	1	1	0	0	1	1	0	1	1	1	1	0	1	0	0	0	1	1	0	0	1	0	0	0	0	1	0	1	0	1	0	0	1	0	1	0	1	1	1	0	0	0	1	0	0	0	0	1	0	0	1	0	0	0	0
"C4M3"	0	0	0	1	0	1	1	1	0	0	0	0	0	0	1	1	1	1	1	0	1	1	0	0	1	1	0	1	0	1	0	0	1	1	1	1	0	1	1	1	1	0	1	1	0	1	1	0	0	1	1	0	1	1	1	1	0	1	0	0	0	1	1	0	0	1	0	0	0	0	1	0	1	0	1	0	0	1	0	1	0	1	1	1	0	0	0	1	0	0	0	0	1	0	0	1	0	0	0	0
"C4M4"	0	0	0	1	0	1	1	1	0	0	0	0	0	0	1	1	1	1	1	0	1	1	0	0	1	1	0	1	0	1	0	0	1	1	1	1	0	1	1	1	1	0	1	1	0	1	1	0	0	1	1	0	1	1	1	0	0	1	0	0	0	1	1	0	0	1	0	0	0	0	1	0	1	0	1	0	0	1	0	1	0	1	1	1	0	0	0	1	0	0	0	0	1	0	0	1	0	0	0	0
"C4M5"	0	0	0	1	0	1	1	1	0	0	0	0	0	0	1	1	1	1	1	0	1	1	0	0	1	1	0	1	0	1	0	0	1	1	1	1	1	1	1	1	1	0	1	1	0	1	1	0	0	1	1	0	1	1	1	0	0	1	0	0	0	1	1	0	0	1	0	0	0	0	1	0	1	0	1	0	0	1	0	1	0	1	1	1	0	0	0	1	0	0	0	0	1	0	0	1	0	0	0	0
"C4M6"	0	0	0	1	0	1	1	1	0	0	0	0	0	0	1	1	1	1	1	0	1	1	0	0	1	1	0	1	0	1	0	0	1	1	1	1	1	1	1	1	1	0	1	1	0	1	1	0	0	1	1	0	1	1	1	0	0	1	0	0	0	1	1	0	0	1	0	0	0	0	1	0	1	0	1	0	0	1	0	1	0	1	1	1	0	0	0	1	0	0	0	0	1	0	0	1	0	0	0	0
"C4M7"	0	0	0	1	0	1	1	1	0	0	0	0	0	0	1	1	1	1	1	0	1	1	0	0	1	1	0	1	0	1	0	0	1	1	1	1	1	1	1	1	1	0	1	1	0	1	1	0	0	1	1	0	1	1	1	0	0	1	0	0	0	1	1	0	0	1	0	0	0	0	1	0	1	0	1	0	0	1	0	1	0	1	1	1	0	0	0	1	0	0	0	0	1	0	0	1	1	0	0	0
"C4M8"	0	0	0	1	0	1	1	1	0	0	0	0	0	0	1	1	1	1	1	0	1	1	0	0	1	1	0	1	0	1	0	0	1	1	1	1	1	1	1	1	1	0	1	1	0	1	1	0	0	1	1	0	1	1	1	0	0	1	0	0	0	1	1	0	0	1	0	0	0	0	1	0	1	0	1	0	0	1	0	1	0	1	1	1	0	0	0	1	0	0	0	0	0	0	0	1	1	0	0	0
"C4M9"	0	0	0	1	0	1	1	1	0	0	0	0	0	0	1	1	1	1	1	0	1	1	0	0	1	1	0	1	0	1	0	0	1	1	1	1	1	1	1	1	1	0	1	1	0	1	1	0	0	1	1	0	1	1	1	0	0	1	0	0	0	1	1	0	0	1	0	0	0	0	1	0	1	0	1	0	0	0	0	1	0	1	1	1	0	0	0	1	0	0	0	0	0	0	0	1	1	0	0	0
"C4M10"	0	0	0	1	0	1	1	1	0	0	1	0	0	0	1	1	1	1	1	0	1	1	1	0	1	1	0	1	0	1	0	0	1	1	1	1	1	1	1	1	1	0	1	1	0	1	1	0	0	1	1	0	1	1	1	0	0	1	0	0	0	1	1	0	0	1	0	0	0	0	1	0	1	0	1	0	0	0	0	1	0	1	1	1	0	0	0	1	0	1	0	0	0	0	0	1	1	0	0	0
"C4M11"	0	0	0	1	0	1	1	1	0	0	1	0	0	0	1	1	1	1	1	0	1	1	1	0	1	1	0	1	0	1	0	0	1	1	1	1	1	1	1	1	1	0	1	1	0	1	1	0	0	1	1	0	1	1	1	0	0	1	0	0	0	1	1	0	0	1	0	0	0	0	1	0	1	0	1	0	0	0	0	1	0	1	1	1	0	0	0	1	0	1	0	0	0	0	0	1	1	0	0	0
"C4M12"	0	0	0	1	0	1	1	1	0	0	1	0	0	0	1	1	1	1	1	0	1	1	1	0	1	1	0	1	0	1	0	0	1	1	0	1	1	1	1	1	1	0	1	1	0	1	1	0	1	1	1	0	1	1	1	0	0	1	0	0	0	1	1	0	0	1	0	0	0	0	1	0	1	0	1	0	0	0	0	1	0	1	1	1	0	0	0	1	0	1	0	0	0	0	0	1	1	0	0	0
"C4M13"	0	0	0	1	0	1	1	1	0	0	1	0	0	0	1	1	1	1	1	0	1	1	1	0	1	1	0	1	0	1	0	0	0	1	0	1	1	1	1	1	1	0	1	1	0	1	1	0	1	1	1	0	1	1	1	0	0	0	0	0	0	1	1	0	0	1	0	0	0	0	1	0	1	0	1	0	0	0	0	1	0	1	1	1	0	0	0	1	0	1	0	0	0	0	0	1	1	0	0	0
"C4M14"	0	0	0	1	0	1	1	1	0	0	0	0	0	0	1	1	1	1	1	0	1	1	1	0	1	0	0	1	0	1	0	0	0	1	0	1	1	1	1	1	1	0	1	1	0	1	1	0	1	0	1	0	1	1	1	0	0	0	0	0	0	1	1	0	0	1	0	0	0	0	1	0	1	0	1	0	0	0	0	1	0	1	1	1	0	1	0	1	0	1	0	0	0	0	0	1	1	0	0	0
"C4M15"	0	0	0	0	0	1	1	1	0	0	0	0	0	0	1	1	1	1	1	0	1	1	1	0	1	0	0	1	0	1	0	0	0	1	0	1	1	1	1	1	1	0	1	1	1	1	0	0	1	0	1	0	1	1	1	0	0	0	0	0	0	1	1	0	0	1	0	0	0	0	1	0	1	0	1	0	0	0	0	1	0	1	1	1	0	1	0	1	0	1	0	0	0	0	0	1	1	0	0	0
"C4M16"	0	0	0	0	0	1	1	1	1	0	0	0	0	0	1	1	1	1	1	0	1	1	1	0	1	0	0	1	0	1	0	0	0	1	1	1	1	1	1	1	1	0	1	1	1	1	0	0	1	0	1	0	1	1	1	0	1	0	0	0	0	1	1	0	0	1	0	0	0	0	1	0	1	0	1	0	0	0	0	1	0	0	1	1	0	1	0	1	0	1	0	0	0	0	0	1	1	0	0	0
"C4M17"	0	0	0	0	0	0	1	1	1	0	0	0	0	0	1	1	1	1	1	0	1	1	1	0	1	0	0	1	0	1	0	0	0	1	1	1	1	1	1	1	1	0	1	1	1	1	0	0	1	0	1	0	1	1	1	0	1	0	0	0	0	1	1	0	0	1	0	0	0	0	1	0	1	0	1	0	0	0	0	1	0	0	1	1	0	1	0	1	0	1	0	0	0	0	0	1	1	0	0	0
"C4M18"	0	0	0	1	0	0	1	1	1	0	0	0	0	0	1	1	1	1	1	0	1	1	1	0	1	1	0	1	0	1	0	0	0	1	1	0	1	1	1	1	1	0	1	1	1	1	0	1	1	0	1	0	1	1	1	0	1	0	0	0	0	1	1	0	0	1	0	0	0	0	1	0	1	0	1	0	0	0	0	1	0	0	1	1	0	1	0	1	0	1	0	0	0	0	0	1	1	0	0	0
"C4M19"	0	0	0	1	0	0	1	1	1	0	0	0	0	0	1	1	1	1	1	0	1	1	1	0	1	1	0	1	0	1	0	0	0	1	1	0	1	1	1	1	1	0	1	1	1	1	0	1	1	0	1	0	1	1	1	0	1	0	0	0	0	1	1	0	0	1	0	0	0	0	1	0	1	0	1	0	0	0	0	1	0	0	1	1	0	1	0	1	0	1	0	0	0	0	0	1	1	0	0	0
"C4M20"	0	0	0	1	0	0	1	1	1	0	0	0	0	0	1	1	1	1	1	1	1	1	1	0	1	1	0	1	0	1	0	0	0	1	1	0	1	1	1	1	1	0	1	1	1	1	0	1	1	1	1	0	1	1	1	0	1	0	0	0	0	1	1	0	0	1	0	0	0	0	1	0	1	1	1	0	0	0	0	1	0	0	1	1	0	1	0	1	0	1	0	0	0	0	0	1	1	0	0	0
"C5M1"	1	1	1	1	1	0	0	0	0	0	1	1	1	0	0	1	1	1	0	1	1	0	1	1	0	1	0	1	1	0	1	0	1	1	0	0	0	0	1	1	1	1	0	0	1	0	1	1	1	0	0	1	0	0	1	0	1	1	0	0	0	0	0	0	1	1	0	0	1	0	0	0	1	0	0	1	1	0	0	0	0	0	0	0	0	0	1	1	0	1	0	0	0	0	1	0	1	0	0	1
"C5M2"	1	1	1	1	1	0	0	0	0	0	1	1	1	0	0	1	1	1	0	1	1	1	1	1	0	1	0	1	1	0	1	0	1	1	0	0	0	0	1	1	1	1	0	0	1	0	1	1	1	0	0	1	0	0	1	0	1	1	0	0	0	0	0	0	1	1	0	0	1	0	0	0	1	0	0	1	1	0	0	0	0	0	0	0	0	0	1	1	0	1	0	0	0	0	1	0	1	0	0	1
"C5M3"	1	1	1	1	1	0	0	0	0	0	1	1	1	0	0	1	1	1	0	1	1	1	1	1	0	1	0	1	1	0	1	0	1	1	0	0	1	0	1	1	1	1	0	0	1	0	1	1	1	0	0	1	0	0	1	0	1	1	0	0	0	0	0	0	1	1	0	0	1	0	0	0	1	0	0	0	1	0	0	0	0	0	0	0	0	0	1	1	0	1	0	0	0	0	1	0	1	0	0	1
"C5M4"	1	1	1	1	1	1	0	0	0	0	1	1	1	0	0	1	1	1	0	1	1	1	1	1	0	1	0	1	1	0	1	0	1	1	0	0	1	0	1	1	1	1	0	0	1	0	1	1	1	0	0	1	0	0	1	0	1	1	0	0	0	0	0	0	1	1	0	0	1	0	0	0	1	0	0	0	1	0	0	0	0	0	0	0	0	0	0	1	0	1	0	0	0	0	1	0	1	0	0	1
"C5M5"	1	1	1	1	1	1	0	0	0	0	1	1	1	0	0	1	1	1	0	1	1	1	1	1	0	1	0	1	1	0	1	0	1	1	0	0	1	0	1	1	1	1	0	0	1	0	1	1	1	0	0	1	0	0	1	0	1	1	0	0	0	0	0	0	1	1	0	0	1	0	0	0	1	0	0	0	1	0	0	0	0	0	0	0	0	0	0	1	0	1	0	0	1	0	1	0	1	0	0	1
"C5M6"	1	1	1	1	1	1	0	0	0	0	1	1	1	0	0	1	1	1	0	1	1	1	1	1	0	1	0	1	0	0	1	0	1	1	0	0	1	0	1	1	1	1	0	0	1	0	1	1	1	0	0	1	0	0	1	1	1	1	0	0	0	0	0	0	1	1	0	0	1	0	0	0	1	0	0	0	1	0	0	0	0	0	0	0	0	0	0	1	0	1	0	0	1	0	1	0	1	0	0	1
"C5M7"	1	1	1	1	0	1	0	0	0	0	1	1	1	0	0	1	1	1	0	1	1	1	1	0	0	1	0	1	0	0	1	0	1	1	0	0	1	0	1	1	1	1	0	0	1	0	1	1	1	0	0	1	0	0	1	1	1	1	0	0	0	1	0	0	1	1	0	0	1	0	0	0	1	0	0	0	1	0	0	0	0	0	0	0	0	0	0	1	0	1	0	0	1	0	1	0	1	0	0	1
"C5M8"	1	1	1	1	0	1	0	0	0	0	1	1	1	0	0	1	1	1	0	1	1	1	1	0	0	1	0	1	0	0	1	0	1	1	0	0	0	0	1	1	1	1	0	0	1	0	1	1	1	0	0	1	0	0	1	1	1	1	0	0	0	1	0	0	1	1	0	0	1	0	0	0	1	0	0	0	1	0	0	0	0	0	0	0	0	0	0	1	0	1	0	0	1	0	1	0	1	0	0	1
"C5M9"	1	1	1	1	0	1	0	0	0	0	1	1	1	0	0	1	1	1	0	1	1	1	1	0	0	1	0	1	1	0	1	1	1	1	0	0	0	0	1	1	1	1	0	0	1	0	1	1	1	0	0	1	0	0	1	1	1	1	0	0	0	1	0	0	1	0	0	0	1	0	0	0	1	0	0	0	1	0	0	0	0	0	0	0	0	0	0	1	0	1	0	0	1	0	1	0	1	0	0	1
"C5M10"	1	0	1	1	0	1	0	0	0	0	1	1	1	0	0	1	1	1	0	1	1	1	1	0	0	1	0	1	1	0	1	1	1	1	0	0	0	0	1	1	1	1	0	0	1	0	1	1	1	0	1	0	0	0	1	1	1	1	0	0	0	1	0	0	1	0	0	0	1	0	0	0	1	0	0	0	1	0	0	0	0	0	0	0	0	0	0	1	0	1	0	0	1	0	1	0	1	0	0	1
"C5M11"	1	0	1	1	0	1	0	0	0	0	1	1	1	0	0	1	1	1	0	1	1	1	1	0	0	1	0	1	1	0	1	1	1	1	0	0	0	0	1	1	1	1	0	0	1	0	1	1	1	0	1	0	0	0	1	1	1	1	0	0	0	1	0	0	1	0	0	0	1	0	0	0	1	0	0	0	1	0	0	0	0	0	0	0	0	0	0	1	0	1	0	0	1	0	1	0	1	0	0	1
"C5M12"	1	0	1	1	0	1	0	0	0	0	1	1	1	0	0	1	1	1	0	1	1	1	1	0	0	1	0	1	1	0	1	1	1	1	0	0	0	0	1	1	1	1	0	0	1	0	1	1	1	0	1	0	0	0	1	1	1	1	0	0	0	1	0	0	1	0	0	0	1	0	0	0	1	0	0	0	1	0	0	0	0	0	0	0	0	0	0	1	0	1	0	0	1	0	1	0	1	0	0	1
"C5M13"	1	0	1	1	0	1	0	0	0	0	1	1	1	0	0	1	1	1	0	1	1	1	1	0	0	1	0	1	1	0	1	1	1	1	0	0	0	0	1	1	1	1	0	0	1	0	1	1	1	0	1	0	0	0	1	1	1	1	0	0	0	1	0	0	0	0	0	0	1	0	0	0	1	0	0	0	1	0	0	0	0	0	0	0	0	0	0	1	0	1	0	0	1	0	1	0	1	0	0	1
"C5M14"	1	0	1	1	0	1	0	0	0	0	1	1	1	0	0	1	1	1	0	1	1	1	1	0	0	1	0	1	1	0	1	1	1	1	0	0	0	0	1	1	1	1	0	0	1	0	1	1	1	0	1	0	0	0	1	1	1	1	0	0	0	1	0	0	0	0	0	0	1	0	0	0	1	0	1	0	1	0	0	0	0	0	0	0	0	0	0	1	0	1	0	0	1	0	1	0	1	0	0	1
"C5M15"	1	0	1	1	0	1	1	0	0	0	1	1	0	0	0	1	1	1	0	0	1	1	1	0	0	1	0	1	1	0	1	1	1	1	0	0	0	0	1	1	1	1	0	0	1	0	1	1	1	0	1	0	0	0	1	1	1	1	0	0	0	1	0	0	0	0	0	0	1	0	0	0	1	0	1	0	1	0	0	0	0	0	0	0	0	0	0	1	0	1	0	0	1	0	1	0	1	0	0	1
"C5M16"	1	0	1	1	0	1	1	0	0	0	1	1	0	0	0	1	1	1	0	0	1	1	1	0	0	1	0	1	1	0	1	1	1	1	0	0	0	0	1	1	1	1	0	0	1	0	1	1	1	0	1	0	0	0	1	1	1	1	0	0	0	1	0	0	0	0	0	0	1	0	0	0	1	0	1	0	1	0	0	0	0	0	0	0	0	0	0	1	0	1	0	0	1	0	1	0	1	0	0	1
"C5M17"	1	0	1	1	0	1	1	0	0	0	1	1	0	0	0	1	1	1	0	0	1	1	1	0	0	1	0	1	1	0	1	1	1	1	0	0	0	0	1	1	1	1	0	0	1	0	1	1	1	0	1	0	0	0	1	1	1	1	0	0	0	1	0	0	0	0	0	0	1	0	0	0	1	0	1	1	1	0	0	0	0	0	0	0	0	0	0	1	0	1	1	0	1	0	1	0	1	0	0	1
"C5M18"	1	0	1	1	0	1	1	0	0	0	1	1	0	0	0	1	1	1	0	0	1	1	1	0	0	1	0	1	1	0	1	1	1	1	0	0	0	0	1	0	1	1	0	0	1	0	1	1	1	0	1	0	0	0	1	1	1	1	0	0	0	1	0	0	0	0	0	0	1	0	0	0	1	0	1	1	1	0	0	0	0	0	0	0	0	0	0	1	0	1	1	0	1	0	1	0	1	0	0	1
"C5M19"	1	0	1	1	0	1	1	0	0	0	0	1	0	0	0	1	1	1	0	0	1	1	1	0	0	1	0	1	1	0	1	1	1	1	0	0	1	0	1	0	1	1	0	0	1	0	1	1	1	0	1	0	0	0	1	1	0	1	0	0	0	1	0	0	0	0	0	0	1	0	0	0	1	0	1	1	1	0	0	0	0	0	0	0	0	0	0	1	0	1	1	0	1	0	1	0	1	0	0	1
"C5M20"	1	0	1	1	0	1	1	0	0	0	0	1	0	0	0	1	1	1	0	0	1	1	1	0	0	1	0	1	1	0	1	1	1	1	0	0	1	0	1	0	1	1	0	0	1	0	1	1	1	0	1	0	0	0	1	0	0	1	0	0	0	1	0	0	0	0	0	0	1	0	0	0	1	0	1	1	1	0	0	0	0	0	0	0	0	0	0	1	0	1	1	0	1	0	1	0	1	0	0	1
"C6M1"	1	0	0	0	0	1	0	1	1	0	0	1	0	0	0	0	1	1	1	0	1	0	1	1	1	0	0	0	1	0	0	1	0	1	0	1	1	1	1	1	1	0	0	1	1	0	0	1	0	0	1	0	1	1	1	0	0	1	1	0	0	1	1	0	0	0	1	0	1	1	1	0	0	0	1	0	0	0	0	0	0	0	0	0	0	0	1	0	1	0	1	0	1	0	0	1	1	0	1	1
"C6M2"	1	0	1	0	0	1	0	1	1	0	0	1	0	0	0	0	1	1	1	0	1	0	1	1	1	0	0	0	1	0	0	1	0	1	0	1	1	1	1	1	1	0	0	1	1	0	0	1	0	0	1	0	1	1	1	0	0	1	1	0	0	1	1	0	0	0	1	0	1	1	1	0	0	0	0	0	0	0	0	0	0	0	0	0	0	0	1	0	1	0	1	0	1	0	0	1	1	0	1	1
"C6M3"	1	0	1	0	0	1	0	1	1	0	0	1	0	0	0	0	0	1	1	0	1	0	1	1	1	0	0	0	1	0	0	1	0	1	0	1	1	1	1	1	1	0	0	1	1	0	0	1	0	0	1	0	1	1	1	0	0	1	1	0	0	1	1	0	0	0	1	0	1	1	1	0	0	0	0	1	0	0	0	0	0	0	0	0	0	0	1	0	1	0	1	0	1	0	0	1	1	0	1	1
"C6M4"	1	0	1	0	0	1	0	1	1	0	0	1	0	0	0	0	0	1	1	0	1	0	1	1	1	0	0	0	1	0	0	1	1	1	0	1	1	1	1	1	1	0	0	1	1	0	0	1	0	0	1	0	1	1	1	0	0	1	1	0	0	1	1	0	0	0	1	0	1	1	1	0	1	0	0	1	0	0	0	0	0	1	0	0	0	0	1	0	1	0	1	1	1	0	0	1	1	0	1	1
"C6M5"	1	0	1	0	0	1	0	1	1	1	0	1	0	0	0	0	0	1	1	0	1	0	1	1	1	0	0	0	1	0	0	1	1	1	0	1	1	1	1	1	1	0	0	1	1	0	0	1	0	0	1	0	1	1	1	0	0	1	1	0	0	1	1	0	0	0	1	0	1	1	1	0	0	0	0	1	0	0	1	0	0	1	0	0	0	0	1	0	1	0	1	1	1	0	0	1	1	0	1	1
"C6M6"	1	0	1	0	0	1	0	1	1	1	0	1	0	0	0	0	0	1	1	0	1	0	1	1	1	0	0	0	1	0	0	1	1	1	0	1	1	1	1	1	1	0	0	0	1	0	0	1	0	0	1	0	1	1	1	0	0	1	1	0	0	1	1	0	0	0	1	0	1	1	1	0	0	0	0	1	0	0	1	0	0	1	0	0	0	0	1	0	1	0	1	1	1	0	0	1	1	0	1	1
"C6M7"	1	0	1	0	0	1	0	1	1	1	0	1	0	0	0	0	0	1	1	0	1	0	1	1	1	0	0	0	1	0	0	1	1	1	0	0	1	1	1	1	1	0	0	0	1	0	0	1	0	0	1	0	1	1	1	1	0	1	1	0	0	1	1	0	0	0	1	0	1	1	1	0	0	0	0	1	0	0	1	0	0	1	0	0	0	0	1	0	1	0	1	1	1	0	0	1	1	0	1	1
"C6M8"	1	0	1	0	0	1	0	1	1	1	0	1	0	0	0	0	0	1	1	0	1	0	1	1	1	0	0	0	1	0	0	1	1	1	1	0	1	1	1	1	1	0	0	0	1	0	0	1	0	0	1	0	1	1	1	1	0	1	1	0	0	1	1	0	0	0	1	0	1	1	1	0	0	0	0	1	0	0	1	0	0	1	0	0	0	0	1	0	1	0	1	1	1	0	0	1	1	0	1	1
"C6M9"	1	0	1	0	0	1	0	1	1	1	0	1	0	0	0	0	0	1	1	0	1	0	1	1	1	0	0	0	1	0	0	1	1	1	1	0	1	1	1	1	1	0	0	0	1	0	0	1	0	0	1	0	1	1	1	1	0	1	1	0	0	1	1	0	0	0	1	0	1	1	1	0	0	0	0	1	0	0	1	0	0	1	0	0	0	0	1	0	1	0	1	1	1	0	0	1	1	0	1	1
"C6M10"	1	0	1	0	0	1	0	1	1	1	0	1	0	0	0	0	0	1	1	0	1	0	1	1	1	0	0	0	1	0	0	1	1	1	1	0	1	1	1	1	1	0	0	0	1	0	0	1	0	0	1	1	1	1	1	1	0	1	1	0	0	1	1	0	1	0	1	0	1	1	1	0	0	0	0	1	0	0	1	0	0	1	0	0	0	0	1	0	1	0	1	1	1	0	0	0	1	0	1	1
"C6M11"	1	0	1	0	0	1	0	1	1	1	0	0	0	0	0	0	0	1	1	0	1	0	1	1	1	0	0	0	1	0	0	1	1	1	1	0	1	1	1	1	1	0	0	0	1	0	0	1	0	0	1	1	1	1	1	1	0	1	1	0	0	1	1	0	1	0	1	0	1	0	1	0	0	0	0	1	0	0	1	0	0	1	0	0	0	0	1	0	1	1	1	1	1	0	0	0	1	0	1	1
"C6M12"	1	0	1	0	0	1	0	1	1	1	0	0	0	0	0	0	0	1	1	0	1	0	1	1	1	0	0	0	1	0	0	1	1	1	1	0	1	1	1	1	1	0	0	0	1	0	0	1	0	0	1	1	1	1	1	1	0	1	1	0	0	1	1	0	1	0	1	0	1	0	1	0	0	0	0	1	0	0	1	0	0	1	0	0	0	0	1	0	1	1	1	1	1	0	0	0	1	0	1	1
"C6M13"	1	0	1	0	0	1	1	1	1	1	0	0	0	0	0	0	0	1	1	0	1	0	1	0	1	0	0	0	1	0	0	1	1	1	1	0	1	1	1	1	1	0	0	0	1	0	0	1	0	0	1	1	1	1	1	1	0	1	1	0	0	1	1	0	1	0	1	0	1	0	1	0	0	0	0	1	0	0	1	0	0	1	0	0	0	0	1	0	1	1	1	1	1	0	0	0	1	0	1	1
"C6M14"	1	0	1	0	0	1	1	1	1	1	0	0	0	0	0	0	0	1	1	0	1	0	1	0	1	0	1	0	1	0	0	1	1	1	1	0	1	1	1	1	1	0	0	0	1	0	0	1	0	0	1	1	1	1	1	1	0	1	1	0	0	1	1	0	1	0	1	0	1	0	1	0	0	0	0	1	0	0	1	1	0	1	0	0	0	0	1	0	1	1	1	1	1	0	0	0	1	0	1	1
"C6M15"	1	0	1	0	0	1	1	1	1	1	0	0	0	0	0	0	0	1	1	0	1	0	1	0	1	0	1	0	1	0	0	1	1	1	1	0	1	1	1	1	1	0	0	0	1	0	0	1	0	0	1	1	1	1	1	1	0	1	1	0	0	1	1	0	1	0	1	0	1	0	1	0	0	0	0	1	0	0	1	1	0	1	0	0	0	0	1	0	1	1	1	1	1	0	0	0	1	0	1	1
"C6M16"	1	0	1	0	0	1	1	1	1	1	0	0	0	0	0	0	0	1	1	0	1	0	1	0	1	0	1	0	1	0	0	1	1	1	1	0	1	1	1	1	1	0	0	0	1	0	0	1	0	0	1	1	1	1	1	1	0	1	1	0	0	1	1	0	1	0	1	0	1	0	1	0	0	0	0	1	0	0	1	1	0	1	0	0	0	0	1	0	1	1	1	1	1	0	0	0	1	0	1	1
"C6M17"	0	0	1	0	0	1	1	1	1	1	0	0	0	0	0	0	0	1	1	0	1	0	1	0	1	0	1	0	1	0	0	1	1	1	1	0	1	1	1	1	1	0	0	0	1	0	0	1	0	0	1	1	1	1	1	1	0	1	1	0	0	1	1	0	1	0	1	0	1	0	1	0	0	0	0	1	0	0	1	1	0	1	0	0	0	0	1	0	1	1	1	1	1	0	0	0	1	0	1	1
"C6M18"	0	0	1	0	0	1	1	1	1	1	0	0	0	0	0	0	0	1	1	0	1	0	1	0	1	0	1	0	1	0	0	1	1	1	1	0	0	1	0	1	1	0	0	0	1	0	0	1	0	0	1	1	1	1	1	1	0	1	1	0	0	1	1	0	1	0	1	0	1	0	1	0	0	0	0	1	0	0	1	1	0	1	0	0	0	0	1	0	1	1	1	1	1	0	0	0	1	0	1	1
"C6M19"	0	0	1	0	0	1	1	1	1	1	0	0	0	0	0	0	0	1	1	0	1	0	1	0	1	0	0	0	1	0	0	1	1	1	1	0	0	1	0	1	1	0	0	0	1	0	0	1	0	0	1	1	1	1	1	1	0	1	1	0	0	1	1	0	1	0	1	0	1	0	1	0	0	0	0	1	0	0	1	1	0	1	0	0	0	0	1	0	1	1	1	1	1	0	0	0	1	0	1	1
"C6M20"	0	0	1	0	0	1	1	1	1	1	0	0	0	0	0	0	0	1	1	0	1	0	1	0	1	0	0	0	1	0	0	1	1	1	1	0	0	1	0	1	1	0	0	0	1	1	0	1	0	0	1	1	1	1	1	1	0	1	1	0	0	1	1	0	1	0	1	0	1	0	1	0	0	0	0	1	0	0	1	1	0	1	0	0	0	0	1	0	1	1	1	1	1	0	0	0	1	0	1	1