	X8	X11	X21	X29	X31	X49	X51	X58	X105	X114	X115	X132	X144	X160	X177
Hydroxypropyl	195.0	356.0	527.0	639.0	206.0	269.0	340.0	337.0	193.0	525.0	165.0	165.0	180.0	359.0	527.0
Hydroxybutyl	4.0	114.0	164.0	210.0	272.0	83.0	256.0	281.0	94.0	579.0	111.0	109.0	131.0	178.0	504.0
Methylsulfinylbutyl	718.0	1115.0	2314.0	5528.0	2048.0	1331.0	3023.0	4461.0	337.0	8652.0	2154.0	994.0	1182.0	2939.0	3716.0
Butenyl	26459.0	22515.0	21227.0	17947.0	14307.0	24463.0	18114.0	10554.0	30237.0	27987.0	19139.0	14748.0	23649.0	18500.0	24579.0
Methylthiopropyl	4.0	4.0	4.0	4.0	4.0	4.0	4.0	4.0	4.0	4.0	4.0	4.0	4.0	4.0	4.0
Methylsulfinylpropyl	39.0	31.0	29.0	10.0	12.0	43.0	6.0	9.0	6.0	34.0	7.0	5.0	5.0	21.0	5.0
Methylsulfinylheptyl	15396.0	6904.0	10276.0	11574.0	13542.0	15235.0	8449.0	12380.0	13215.0	11402.0	11638.0	4642.0	13882.0	12286.0	5561.0
Methylthiobutyl	94.0	7877.0	14430.0	24990.0	15173.0	12846.0	8111.0	24973.0	681.0	33587.0	10932.0	6803.0	8032.0	25555.0	29562.0
Methylsulfinylpentyl	20.0	46.0	69.0	66.0	223.0	111.0	19.0	77.0	49.0	110.0	48.0	33.0	52.0	115.0	45.0
Methylthiopentyl	13.0	29.0	25.0	18.0	68.0	39.0	13.0	18.0	11.0	80.0	32.0	10.0	32.0	54.0	27.0
Propenyl	10.0	10.0	9.0	18.0	5.0	18.0	12.0	10.0	8.0	9.0	6.0	6.0	6.0	11.0	9.0
Benzoyloxypropyl	26439.0	30272.0	27849.0	32467.0	22381.0	32790.0	28407.0	30063.0	27512.0	27037.0	25664.0	23396.0	20894.0	27204.0	28323.0
Methylthiohexyl	4.0	12.0	10.0	14.0	84.0	101.0	4.0	25.0	14.0	171.0	7.0	7.0	69.0	57.0	9.0
Methylsulfinylhexyl	142.0	519.0	524.0	505.0	847.0	1051.0	191.0	634.0	578.0	1178.0	418.0	418.0	755.0	706.0	498.0
Benzoyloxybutyl	1277.0	1764.0	703.0	1967.0	7467.0	1169.0	4139.0	2571.0	1306.0	5521.0	1779.0	1212.0	905.0	1170.0	5829.0
Methylthioheptyl	1122.0	20666.0	14603.0	16788.0	25030.0	29050.0	4655.0	20894.0	26285.0	30747.0	14654.0	12572.0	22638.0	22467.0	22017.0
Benzoyloxypentyl	203.0	333.0	241.0	418.0	285.0	439.0	292.0	551.0	1405.0	875.0	521.0	205.0	361.0	515.0	623.0
Benzoyloxyhexyl	4.0	178.0	42.0	189.0	134.0	220.0	4.0	55.0	379.0	193.0	4.0	155.0	89.0	38.0	176.0
Quercetindeoxyhexosyldihexoside	4.0	1987.0	4.0	2952.0	4.0	2086.0	1907.0	2848.0	2132.0	4.0	1221.0	2025.0	1791.0	4.0	2869.0
Kaempferoldideoxyhexosyldihexoside	6.0	2148.0	7.0	1694.0	4.0	1636.0	1278.0	1643.0	1491.0	6.0	842.0	1029.0	1140.0	5.0	4693.0
Quercetindeoxyhexosylhexoside	2854.0	681.0	3856.0	821.0	2110.0	514.0	710.0	617.0	736.0	4080.0	526.0	654.0	393.0	1987.0	491.0
Isohamnetindeoxyhesoxyldihexoside	4.0	112.0	4.0	122.0	4.0	95.0	111.0	215.0	116.0	4.0	68.0	86.0	95.0	5.0	122.0
Isohamnetindeoxyhesoxylhexoside	168.0	85.0	234.0	104.0	127.0	77.0	92.0	129.0	114.0	326.0	66.0	71.0	50.0	183.0	97.0
Kaempferoldideoxyhexosylhexoside	249.0	18.0	198.0	4.0	186.0	11.0	14.0	6.0	18.0	337.0	12.0	6.0	5.0	159.0	9.0
